2.903240770747754027e+02
2.903630262315346044e+02
2.905065548595750329e+02
2.905809128182920631e+02
2.904009457489750616e+02
2.903296527333560562e+02
5.182561940385275534e+01
5.228806814969998840e+01
5.278507166690708630e+01
5.331365412224063505e+01
5.380444878289965516e+01
5.281512132968662598e+01
5.327857088936352170e+01
5.371099528479815177e+01
5.214304912982120044e+01
5.261293594311477051e+01
5.163382909799929621e+01
5.202479340079734271e+01
5.250590517477739638e+01
5.301563451493996837e+01
5.355851638018555860e+01
5.149014298753194652e+01
5.192951167419673197e+01
5.239609444406770677e+01
5.290195430819768774e+01
5.337346202490850544e+01
5.393763673156874461e+01
5.182798949429853508e+01
5.229622953897469273e+01
5.272643315489126081e+01
5.324824333203341098e+01
5.381359037378156529e+01
5.440994439687593598e+01
5.495624749727454628e+01
1.000000000000000000e+03
1.000000000000000000e+03
1.000000000000000000e+03
1.000000000000000000e+03
1.000000000000000000e+03
1.000000000000000000e+03
1.000000000000000000e+03
1.000000000000000000e+03
1.000000000000000000e+03
1.000000000000000000e+03
1.000000000000000000e+03
1.000000000000000000e+03
1.000000000000000000e+03
1.000000000000000000e+03
1.000000000000000000e+03
1.000000000000000000e+03
1.000000000000000000e+03
1.000000000000000000e+03
1.000000000000000000e+03
1.000000000000000000e+03
1.000000000000000000e+03
1.000000000000000000e+03
1.000000000000000000e+03
1.000000000000000000e+03
3.145704052990053015e+02
3.121850002590228996e+02
3.099278801583392351e+02
3.080651495294869733e+02
3.060789037360229941e+02
3.042176198843752672e+02
3.024742205509717223e+02
3.010637361255954261e+02
2.995690514530385258e+02
2.981796377519468138e+02
2.969157092570812893e+02
2.959130616182230256e+02
2.948610725434315896e+02
1.634449693667765757e+02
1.629541951855154025e+02
1.625673000307383802e+02
1.621910387055588956e+02
1.618928762025138894e+02
1.616439343668909885e+02
1.614742442472654886e+02
1.613559929438735310e+02
1.612950759186334153e+02
1.612840050015036013e+02
1.613506667752659496e+02
1.614633146538386370e+02
1.616352307131235477e+02
1.618775757676560829e+02
1.620583538677581714e+02
1.617743106279777408e+02
1.615499376883082618e+02
1.614051583665883811e+02
1.613243516773356419e+02
1.612791449350796995e+02
1.613106332174046429e+02
1.614076081101402451e+02
1.614469594789663063e+02
1.009760802043360428e+02
1.016291175743743906e+02
1.023176439157684570e+02
1.029600832820548675e+02
1.037591436775850724e+02
1.025695798885944043e+02
1.031905608842615720e+02
1.038036662582814245e+02
1.014809452629663440e+02
1.021179010175373918e+02
1.028180374111105522e+02
1.012624344701911383e+02
1.019231041227874215e+02
1.026322982898017813e+02
1.034146748581490698e+02
1.041207209460411605e+02
1.011139057764491724e+02
1.017776607872869192e+02
1.024767891273205009e+02
1.031267559464104977e+02
1.039365399766624876e+02
1.009835139640755415e+02
1.016150960393215286e+02
1.023123145756588457e+02
1.029677301007977803e+02
1.037496061428897463e+02
1.045929230965495407e+02
1.053877733278432487e+02
1.063351888027203245e+02
1.073370767636657916e+02
1.000000000000000000e+03
1.000000000000000000e+03
1.000000000000000000e+03
1.000000000000000000e+03
1.000000000000000000e+03
1.000000000000000000e+03
1.000000000000000000e+03
1.000000000000000000e+03
1.000000000000000000e+03
1.000000000000000000e+03
1.000000000000000000e+03
1.000000000000000000e+03
1.000000000000000000e+03
1.000000000000000000e+03
1.000000000000000000e+03
1.000000000000000000e+03
1.000000000000000000e+03
1.000000000000000000e+03
1.000000000000000000e+03
1.000000000000000000e+03
1.000000000000000000e+03
1.000000000000000000e+03
1.000000000000000000e+03
1.000000000000000000e+03
1.410841473993275486e+02
1.400366648662240721e+02
1.389080438228294270e+02
1.378483163756748127e+02
1.368543321023066710e+02
1.359281478936110830e+02
1.351702591299873575e+02
1.343595066688048689e+02
1.336112735770083191e+02
1.330082194518419954e+02
1.323711432829350940e+02
1.374387720722718598e+02
1.366148776918811052e+02
1.359409312531246030e+02
1.352178644738320941e+02
1.345669506169292902e+02
1.340518767717236130e+02
1.334459025734853981e+02
1.328131748316909295e+02
1.333009763673651378e+02
1.326376556948519010e+02
1.358333222644553473e+02
1.349800291112530033e+02
1.341859773376118028e+02
1.334475684005129210e+02
1.328568424505262158e+02
1.322380944161850493e+02
1.351589815302969271e+02
1.343506013192660760e+02
1.336989882434901062e+02
1.330023012111166167e+02
1.323631883237223406e+02
2.903210869879998768e+02
2.903620681078464827e+02
2.905058897922925212e+02
2.905812365291015453e+02
2.904007167666732698e+02
2.903282207711276328e+02
2.903447610161829857e+02
2.904653478720727549e+02
2.906345224280867114e+02
2.904315603889525050e+02
2.903402926775191304e+02
2.903312901068661063e+02
2.904283440979113493e+02
2.906017043197340399e+02
2.908954647320936715e+02
2.912938973439647725e+02
2.918031121388810902e+02
2.923349995895318330e+02
2.930405228827591486e+02
2.938597348148043125e+02
2.947905085394314710e+02
2.956918418594802347e+02
2.968309181220156461e+02
2.980903659170170386e+02
2.994613898840420347e+02
3.007583685693899724e+02
3.023624868726235491e+02
1.000000000000000000e+03
1.000000000000000000e+03
1.000000000000000000e+03
1.000000000000000000e+03
1.000000000000000000e+03
1.000000000000000000e+03
1.000000000000000000e+03
1.000000000000000000e+03
1.000000000000000000e+03
1.000000000000000000e+03
1.000000000000000000e+03
1.000000000000000000e+03
1.000000000000000000e+03
1.000000000000000000e+03
1.000000000000000000e+03
1.000000000000000000e+03
1.000000000000000000e+03
1.000000000000000000e+03
1.000000000000000000e+03
1.000000000000000000e+03
1.000000000000000000e+03
1.000000000000000000e+03
1.000000000000000000e+03
1.000000000000000000e+03
1.000000000000000000e+03
1.000000000000000000e+03
1.000000000000000000e+03
1.000000000000000000e+03
1.000000000000000000e+03
1.000000000000000000e+03
1.000000000000000000e+03
1.000000000000000000e+03
1.000000000000000000e+03
1.000000000000000000e+03
1.000000000000000000e+03
1.000000000000000000e+03
1.000000000000000000e+03
1.000000000000000000e+03
1.000000000000000000e+03
1.000000000000000000e+03
1.000000000000000000e+03
1.000000000000000000e+03
1.000000000000000000e+03
1.000000000000000000e+03
2.939364041358297186e+02
2.930958151036153936e+02
2.924724402253004314e+02
2.918557388034408859e+02
2.913317998125058921e+02
2.909285571639592831e+02
2.906661282924019929e+02
2.904477329884621213e+02
2.903396250643297662e+02
1.290524468901134298e+02
1.290994910455127069e+02
1.291809933550080700e+02
1.293397064745239788e+02
1.295443748304830649e+02
1.297563735211541598e+02
1.300628190736274803e+02
1.304275263588556015e+02
1.295529717444597679e+02
1.296003828349008984e+02
1.297064628953823728e+02
1.290619940468164089e+02
1.291300663185937196e+02
1.292463351527811994e+02
1.294221075613430401e+02
1.296390916895794305e+02
1.290500600088036833e+02
1.291088086477238903e+02
1.292101195852009141e+02
1.293707329486857134e+02
1.295946059039633838e+02
1.290411840867355977e+02
1.290800910274198259e+02
1.291860635396844259e+02
1.293371184834024632e+02
1.295043043281901305e+02
1.297578614330740265e+02
1.300668794174530660e+02
1.304188185685746930e+02
1.307843537924940733e+02
1.312486021813869286e+02
1.317544973226575848e+02
1.323318690763155701e+02
1.328883661296968626e+02
1.335621941931028402e+02
1.343015343244653081e+02
1.351154630572340807e+02
1.359762416954781941e+02
1.367796921290177465e+02
1.377770001147074481e+02
1.388347789071298450e+02
1.398059612719766278e+02
1.409976313288457845e+02
1.000000000000000000e+03
1.000000000000000000e+03
1.000000000000000000e+03
1.000000000000000000e+03
1.000000000000000000e+03
1.000000000000000000e+03
1.000000000000000000e+03
1.000000000000000000e+03
1.000000000000000000e+03
1.000000000000000000e+03
1.000000000000000000e+03
1.000000000000000000e+03
1.000000000000000000e+03
1.000000000000000000e+03
1.000000000000000000e+03
1.000000000000000000e+03
1.000000000000000000e+03
1.000000000000000000e+03
1.000000000000000000e+03
1.000000000000000000e+03
1.000000000000000000e+03
1.000000000000000000e+03
1.000000000000000000e+03
1.000000000000000000e+03
1.000000000000000000e+03
3.144262600393846583e+02
3.123332243644021560e+02
3.100736121448921381e+02
3.079533622677293465e+02
3.059697563894520158e+02
3.041152504150906566e+02
3.025961414548004882e+02
3.009797484774853729e+02
2.994845272796035260e+02
2.982724179862197502e+02
2.970009685262929793e+02
2.958466233670360452e+02
2.948018568055030642e+02
2.939814881367051385e+02
2.931515751049004734e+02
2.924266634755782661e+02
2.918090610065011106e+02
2.913616282894896585e+02
2.909476692765410917e+02
2.906347073856857719e+02
2.904329675567990989e+02
2.903434848404307900e+02
2.903324215057911601e+02
2.904292089792087381e+02
2.906361734265242944e+02
2.908973502019364332e+02
2.912935163270537942e+02
2.915771284829307319e+02
2.911165046159699727e+02
2.907951334398074437e+02
2.905348137130058603e+02
2.903808762918318394e+02
